13349.5
30002
13347.5
30005
13372.5
30008.55
13366.55
30011.55
13387.05
30015.55
13480.05
30019.55
13730.89
30020.72
13734.75
30024.54
13720.33
30135.75
13737.25
30103.75
13813.25
30069.92
13786.42
30036.07
13767.28
30039.89
13746.39
30005.89
13707.89
30060.86
13710.36
30062.86
13693.36
30027.86
13677.42
29993.92
13681.42
29960.92
13654.34
29926.84
13842.37
29929.97
13831.36
29932
13797.75
29897.45
13768.95
29920.05
13746.38
30039.76
13785.01
30006.51
13757.01
30010.51
13753.01
30012.51
13734.93
30012.43
13742.93
29977.43
13749.97
29981.29
13745.79
29947.03
13755.64
29948.43
13746.43
29914.93
13639.7
29916.96
13632.46
29936.96
13549.84
29939.34
13544.84
29943.34
13533.57
29947.33
13583.4
29915.9
13511.4
30009.9
13563.4
29973
13532.5
29977
13626.5
29979
13651.5
29941.5
13611
29908.5
13586.83
29873.66
13570.91
29874.41
13573.91
29877.91
13567.37
30005.27
13573.35
29971.85
13572.35
29973.73
13560.23
29937.83
13538.33
29939.01
13523.15
29900.36
13500.86
29862.03
13712.26
29829.56
14181.95
29751.45
13953.27
29747.77
13942.42
29742.84
13924.94
29740.44
13918.16
29744.21
13911.71
29747.21
13875.11
29715.61
13898.11
29704.26
13872.17
29670.36
13816.86
29671.64
13809.14
29697.64
13822.14
29697.64
13811.58
29712.08
13828.58
29716.08
13818.58
29719.04
13811.81
29686.31
13819.8
29649.3
13920.53
29651.03
13909.53
29675.03
13855.53
29814.01
13839.51
29781.59
13813.09
29748.84
13821.67
29752.84
13809.92
29755.17
13982.67
29758.67
14438.84
29723.09
14392.59
29842.09
14392.06
29802.95
14362.57
29792.07
14347.94
29786.45
14374.95
29788.45
14371.95
29792.45
14403.95
29755.45
14378.28
29757.78
14377.78
30006.52
14120
30005.75
13953.49
30008.35
13943.97
29975.22
13961.78
30095.61
13939.39
30098.89
13922.14
30101.21
13913.71
30065.78
13945.28
30032.78
14002.28
30035.78
13995.75
29998.54
13999.37
30001.8
13991.3
29966.25
13923.31
29969.81
13926.93
29936.43
13886.73
29903.23
13882.73
29907.23
13871.73
29873.23
13848.73
29876.23
13995.23
29844.45
13941.95
29847.32
13927.75
29850.26
13905.16
29853.95
13894.78
29822.37
13880.62
29825.26
13864.7
29828.29
13853.79
29831.29
13866.79
29820.96
13643.46
29819.77
13631.27
29785.77
13608.27
29789.77
13602.27
29755.77
13755.46
29844.02
13731.52
29963.02
13736.63
29962.13
13694.23
29964.95
13605.61
29968.36
13592.95
29932.78
13539.88
29935.38
13531.78
29938.84
13439.69
29906.39
13529.22
29909.9
13520.4
29913.9
13391.4
29882.1
13430.52
29912.02
13398.52
29915.77
13385.27
29917.77
13338.27
29921.77
13279.27
29920.97
13246.47
29883.97
13343.67
29886.42
13309.92
29888.75
13330.25
29891.42
13330.92
29894.42
13317.59
29858.09
13113.59
29861.26
13104.76
29881.01
